-149.0010367935909868901799135086201177963682056888587226150749401327244008232668564349388472662757876887270232116298281708518210128852273023058529889444538797156871523714193366050936791939033077113973375854108813812455231387123785113161262568403180828096381625697417527973216401281037732263190823510615967546988462583850091882418074132180230464927625243710907068298978595138433862435929294266473798923192089809013263245889975902443007588467057291674858483952945140789978362204315697273991752753	0
-148.0052302535304751339472313006577232898305394624167194352320250071304239937162646933030002210656997012265540317829810207235792618617638774505857615739374054601465134540781870524578226524536930708143962930339255743452044851002142861051982164628658936619487576462337742426951505977802658326009827821422470807435985360822528654361075903128668065893525330244062848895983740177405038864494930016764515270005204922646914358468056157467755448665274404388580853241244364175202103570124089651141756207	0
-147.0158118753490814172810960589690115613509896322926763437126645153348207428186139134310999510641715518202034160843737544598220243530985455247155717023239036118023081344469579801429438486307893604415004257894082678961602360931573101101295221977213475184067097211721173973010157319879111753500567363740951527271179388744501586659509937785602596502669239810503813402503466304681163226786493391726564880310014500832613042949333827443727365300333455674586115283568123537263573534774896957973381851	0
-146.0369433417566667815267721151391324636845620547252366227841408004539991963745797960902137019906705981967232950113452749085844321012173566145200780139579458981504419543210597048452775365601105087270706893608316218847728631153724341386992622601776514168232164870010015401340897802737748555925000489472996339717309198015500597188094192853433046692430983820420545248339733954216111335099680302158732690684160328334328076641854562488113517339346341032885479945182673330472558518218459184990763111	0
-145.072711621804125680747493694985531407516473309976554998026719873744952411455660349064130388445401417694357856932897951438851857931638843794007632322064729991909776159938966930732764110996531736815028088474209264201364887666087096983267415556543743211597385491812316660860226976364107560773931172949722973396329620153153742064828656692041884670384608578399799697051591436727362186754472024840520814828173621677839567789690951334530239844472833319442923141856707462911740904874703201338683144	0
-144.1243440555001630239367651384399010683743308418333597599435534692633848635058136767914338223348983900698965201999448878794924767441970375424201566585041624135044430995080796495807503490735548900212296482885088280940696575758766336339579421541658957106607488036553504363749228123065209596989833168939728194279662457918440597446446290168106174914340159496203021005119744414908898366211966786848497374719221398910828944263142337776126500621129246832100192565714598990934582334219028428538831582	0
-143.1864235966594221653664204444095266404597788348620833294452919904433210595488284355878757034731246005806931383779593209891583991942305246962871538797452003706140277652131948954804010474016540659785567176198422455511822092033077829377392407819667277284590442487288079657977682754375483650330506210976281506986700359571302263184951609176408857831022814106500888564321778420833206595377180477574002085892215558868346008482929180846489803304289703786113007045245931914949857652799013189889529524	0
-142.2473725349829989861604294093974391183084741320266836367054810984516987255712477480463533175456287043748791184367263649016032983197912887074006398630959728554524913172815730127836004154411271798662651540769219697745980068394863583260705281510392029895149921474451188627957090605889980171367606251101228646469837227557806102010955845839546592066800115239960199310534563909011492327299056456679068642631037036301529547875138515733948510566687077013894514330409628361058323667624541799238854181	0
-141.2968318990780349403715785360822871342062592842713748613330549502662401496365260846708407538326664395776872999342922125597804422691422064957659132925688303972102644033008585024011123310933235152234641769812057868208325792764150784926953880624165132360555018310369699084161383514490475689571755784591512779989807909115294568189196973804092043938795986558238592821715842577856414988451148605415445719231904938347801347494981450860271775813327965906617921236794903569557254283518386444876204067	0
-140.3313715051553001962348242110078981542383867065023248875222370937533117122159332548582954536624593113453270577595093048220972581774082743353145949900678918661501536465322889058098532001569877073510319859437466810817114724905691609264906918394535282902847042592785106719757635477319236109052931977474318537117665193787770993268863155540975285986741783345801062747794369680858804808911683458104697745176405191125881611590666830415210063106339266298620011501196073264614236505415707936179898856	0
-139.3529771236163172258527406405307657130075844252602794417597693880932876903543645942014136984458295797502493177994964222589202792477764858355279031973628089073216668178313966106404127222630695916386368825693794809364555398936991360097491371574530909051044985940096319641125110711921964543589307114671542936001980608753630353295132182141111862554819958574547066168192317942639996277116895564465648411007548645319450878922241312181299207716233947185594189951506064663083071073078721290770141111	0
-138.3652968822913770586037558209920208426773955184726781938284338616607752358695894056589963565893147048355571012768322570773079151978759647241593325714740963025054450778965884515061844822871950617605775770678425709629390599469548015530241536270391348738430893060844194168123875494669662164546917396131171629644771223227249496643558073349579606355231041959089986671228259558706904593351533003932989664624093492635672942342579366410555316899546133594634090340476818987108517526500569380554848168	0
-137.3716095576683281479763018998642006816449357826187738225115633884701892856454385335654444937042908584073302369092051516816423920681246732910802200766643074350380846069586397084229099778747322177495784564083340228238385878574141301393139708018717077980615699660392031176517435424841623753896993936982711087842339274711935251904246323343367261595325734131943197047860284805378806998244009944546712552389123722265294959175320823863850498590950412290227761721992725291955097606231867589474186075	0
-136.3743293090000038336389296980990174201982750517480849716657344045773191302421735265778022838252179401674278009987160320908815392317562818816829461898479544352843699272211050146068062529676015262185671287135007464193265665387998621232386711741928563740842769946499204734486296715112934872265451906513223573545279206093488953143613195849946814356705959458550132107118810984324241028017102462910693514763651771587644985400992803655078500428136481294262825643172884006650604242650797676611163225	0
-135.375084372010489364556321076991391004179571867794695293983667187380523530816975178846115948677600356435850695068191489959685673881710411637411684319067647911909133238605606768382403818906122383181299712181003101713023059011375499104774605466211746713364220715784258443500897972176931556184575277796872674398333942618800940044895106327566639827660400635577635334775021100096343679981648716489395029911486239657481705635168557622555435340743745738687432492739194051115581374525484228949585786	0
-134.3749019226648762505771507185231585575941682747730402708216987738073071263394151790867305229210967131569627012164851927851197812651073454250810413919717177494301315388871681040764171828060135720831499270811305415244774002088224098242935122025862428084519850408429582943602249953487792781486503576986521777828549431710159096587072431763857462008826074432698588856575791587317420404439203946633935874363939711747335464411358214576074820411297262159239063271720349199861817862600320983411776452	0
-133.3743729899131737884638944012135510602639882450637868828487385924573748056679488915173606677644022895937875084687578652113134435670827440489628423357840763697473879015942543881047758896487539591389829788309707965691220091898287802317518429441143854371197040965849090149118911578646593486217996861739016374259038507510447335319159210442637085176517740775672985533238995764865013541785591516124824857991450318492493335038669966673061513191650396151479802205139455086737359226681265762159477966	0
-132.3737868930393671785641390120925378451005881382102302721493089491875250112937678654608554614606611102479531629871003469584061296074528519860393617583225679399699521852365655145515348508385609752292180971522572676433223527347295517052370849644588669643303060579105282302268150610851200178311644953582552737387502043132746269516076117553073026046075400817883483841528914166576528858964864147954590496373014898288779517173724739201458226726456069934183876382056350383468997509088789592225061892	0
-131.3732438808774255538826044319389462886066740704805522703195580562093803997618905273669114296588822172936756689141672978451201448228250479605637014844771836342984553040374196447921075715182672019014270121493780894413977551354259113904547239830811203023837271315261841754973060754706616833814197616751808592293139274578832631654300719706544022079976235638641972385197126593878523770946515794087573258719138757945709577423113914997109262734635739355162696786727776359144234939611978373088605382	0
-130.3727471111487340431128804093430678280704797944774523086201989188048136620039150415793460064986030382848797168133042825603345476447617978719654582865451518598705890723249671629980993859097143136594854836810532901586024187626389258824378435825276914310481193819058775503252407112086209541777106367166445161551827160635194829704572280041575490263087217133834626615611189026133083381546301117440562803426043683828095762332357450111340061669032614243121822859015163588605657252652616267876714714	0
-129.3722684220942186327975980310551946765880068886948951224386478332476747476771670810075533236806557335309209622227904658345962221809667965899000567195874294563516611863420194587400971418721521171814265891033813362314192298148142374845884079022369208338407634415868877365350704279980357930995815016010879064343656012372977929623227454293737966444557974753438450551032642549625417860295024895838791436357627032847372182945710880698650445351683588105204442331474861778233414959571940325905532979	0
-128.3717843834536686520638333877132988828603044592878030128964564535045107200622260069248010821104656453764072699663098535282584116875628798269125756332168608589404825124675684340413545673891116082213156966790619487069450311286067722585073825375124864355489261561415558543829565554427267923653123960013181786903894986448505095646711683360801847110183819576157849744073797633271235210211791229541751288408356558295880897474241422255433062271255117565952877833067463535757004268843900140334981901	0
-127.3712867708214458586317263949914236379988931501955899610202156152893518877462224998647610296533609062530190686413523863610387563721786656197159333961957884658994567586290509817712360573397027041566388798221368400279808894452611872190593605557445669937726000802708592280512437259206995190915571233965919985094400095978551262745353342061212981606641123640883635199904754621282686868841635889257027913387632829141684803642555077995099586870466040149589126411695570664982524661820601911225377168	0
-126.3707779872351916033695810835024425678358543252676009636160747098840968579264280714500372352940589911609196034033302873662655012671576626317172515903728302839859471652880571731682331562756390684041030105033108377711268060937331957316398715771657343417069649815799419163473039185961321054507034746260305950785269518272930808739421947810267818260709630421581642558197770612611639361417424557860994064230629235231885875843141764817842020900224096621382121948592151418655475534177323818199239708	0
-125.3702627605122165993837251723102633923854709477567345064805267770406450281335813142518089492656692462701746170493294589481852429086855128454405151962627687528344158888733711692559988016879175043374455896769011740342273649283387376625914181578143994347454718118985962461356950156209135058877860482114069777210092108539382589298900639132243384962954653871924409042399758520851168385119677915476388080558050705350082147719364900342728810054713210479895510665222916003980453111615864675872870658	0
-124.3697432047143712299981561249766718874106745467812989061935225474520748515384154539075958369191339400722984638075426046081073391899258960238476332403513840054825412082560033368462476936067289930140724908007436889036132619070098828992648262994254331254681614300427207942576456837044975987979457551477480516643465846969816129334077400955589093699568414686234046848802197269217436750081927750529945677066769874054397092127182428582743880186955021931011796544463986674756041135060944132295616814	0
-123.3692185946460815498152266975876010932401151164226559665072705955664695033652190071768972111236714541461890130778184552077538828072641564208060502012663018526514284780402466436930655576862927443158292159447729072368041589237982619936293837504546200918010508275222868726436967978560612692233116565447728667090783647583448139078366179009854331540857990297073943847110504505783999261881155419150345220682883052268340049226726383178193516683063101160829095841897474128195553536575137683648877939	0
-122.3686874573452241899193328093043232586608178213279039592067441649477412842262014017948827243967264504771706683697751835617187771803280293447590230715289670669799718525863777185741089635180204015406586546979636165570839296414301057345722530074864964580954686992168815262827043695940714497543364129286046754982647591042349245799942352203253138400668150953862065885871333283022472279717497812021785432499004755094293389207077692563196413617605467232015820016111475158231968858864328064514128328	0
-121.3681491581824214850734875779715362449190790295981516809481737610501256289354458996708120426350525849238967173190119328440873133967278679339793676234966436252485385680427330920799541008342452618761416335572122203365022776851031259551975041100216147029316979774566404863894085627224685552577167141858125105464904142131972145313863414797788811064312031814926714857865917499166342363694055375374848433147804107631845418845919250683940539628554465715484157127806701237917793530007764922013404704	0
-120.3676039294494774471192849625024912364461593109211351737067075569137196278895364322704908002979591987445779971224536162185450175439397072197265797921533309491379320307858052191272770669236343570383643538332150372841210557138340356038514744013352481423380163145059284645342232606562449033608052890171164337321907135787184825068055537573451922200996614361768667523759478883426928986881217613355518379470326049006725850228941142842404963900911165657014688324555966377776126026397079285390531352	0
-119.3670520737733930457436778417984950430295123665661928764538344791611494993258478835541314441676747142906681388209833472814289306049386928461944805803263905274434736341479278209437126015358400719566318265719445615952641127754300695349091921053333212262634234971030074025096280979967675394731493345108841479936721276731062726088980411564719847744042918407009313782092660311126376996143036357535773334388386413800276813623960431529078191137913965839737854230955220466341532719450845802523617315	0
-118.3664934723191313812276535021206407547444247638121313056277353691135918284885441268130760197037223473337900615358813266553864934619300175915010754912695688521625741115268640680456076848709380063733956613569917499683330929431848963537175615812569356084883355341748636147038607565637008104896574449860365373457262030732231494317501447351778577198895739152355712791004457399673360178014867115559086806391064675840421626326637911907878762104932091061923451968928996885715560493701943350379171866	0
-117.3659277491393480879692561311954701933266828288004958254332373790882080262318643963809766726738629551791561628511968682338204428339208079058835215869566934723860420432811787648722185433404135020125870743992684146927619266791601562199967774705374201348177967608827127028992883985799755570175580362720145269486132230511644881081501261998164330651787297636223462062691313451838276756333846361534332093378430741929747976113477603808720862988816859189473855908117873098297285169466732925531813859	0
-116.3653546407555675503479406656308817991509735354571672407243590020849430378485653775644523517243924763775024176435550699924974359335250872786068165866509516972380838159485793888444379062343248428619237768336166531264471414933126283127745721355282077800728517901503970150704771840247269453244691902622536467886547789163620116771675956018095063860696097416799213753837991076706771260928113487076523800547655671020878013429707142701182179524871335449726682772531940651853142175390324168377949385	0
-115.3647740803199127938114877838999294552604951513857306278471425036070412546175565192973347457626148229089914152646853231919964357206496227703602475738060315625280060720242154296127822763283642051870121072470368999182340082456820694610918411800625269874408631343301930211904124558955501287900528778241974402924384286777530629001355007719553747258706231175175848952332278878678709733810202240533073322373930305862186444408251224410343413776472192292228581768781453408685680319476368957811452106	0
-114.3641860071626880798683578232106597187378998992985043563779641503077075617041580966806026053867023911671816160117429893264910327519189344060926440612338898337927207805105317457874074220649853529329547748750989554657479591146642792668332071153972868628819246581188263854089793573189140022257326400311510214403074009038792901519325025811950275242413644426799813340307747730972177599936466048842750041483970281039550112433427911267349487556445039605584781731158987997648059009006038903830214437	0
-113.3635902316428033401919561688863518152489898049000510278688832474933553542414563545725379326029525027334631765151297909928736846545655742125609899990607383527724660186398040615042720461149835458754272910424204893973357335877668155145136472367979150927083800649082604988024048148799016054208971035674521183464037450696153919080352152705783167876435077282021150036766200313026072132937528348609356069690341520554129357584005951259687309097895920729814833259462247726819218388044679085857432596	0
-112.3629865089794693393822150853238753443300343423763552352858048508012959838962024069838550440939262870401139698167600908785645455463850028171165027568076327772747512655988207524253124217715366390696180001031840711072090985011887040896940079749826287586381801996000660870342373289605358182496269637301884033669181377328951087792206622193413962968306974701893778842728388773663975335962465310792654945333342301473208576999307321875475358665351198438928344062959740935350746433307249317165755089	0
-111.3623746584219668479176157190268825545399533167153316847092889944468537827083827053154912579531258438305533007692987766625266551299170326350199936216777720375980785220433680145040162637276575962971380785723134328810822205998856135407337445969806492399530448326784783771692878163835065257477652320205616906440506033357573318878156401226878976217686454598642198106699234380130522642688368545801412524677790828960869632543340991838832012970206153446279066111822401833903585428569200994412064625	0
-110.3617545483512303553313676395295610673291550893083261280171587675245750149001980411404707350132125991908249642406874305222656684227851713522518766063955401725397302906888578875587246982285981218425260667323116643601504280642443708388650343152434057239448989554902541472959850075233836155753258336516783261740849396835074899471367870692531504727427275061971691429762078179071297042849468305938901769289057814731166100221003075615540274695135136865509985270077587096196189528471732127572456072	0
-109.3611260035817167433972709431051232767759640186670059659484637343916329462254277597520688600030138344963288162625893190560077274075266764725513157856728824765260592356243774844475631331023630529350716539727005530821347583352401867907036345762423259755019202060487903013414194057514493748152000692715609818010945052783444863752202822122154631676794207785996955286810198236408179329565457484751791179795440916662942506235669055525363206549265737570528275417739800876392523880573237175426163953	0
-108.3604887933453855405936021015555533028272494716807741000221136318367065132560690826781196729232321923585241619244651361358455439491761016226670124100096609524634771422074985384827464420682203923178551874521152756076590184166266134779492729618389996915554172639436266699427527257463526135380650435369870186010834061173310320378964359213730389098536526714696287126373096222344368790368537941889399655409351124034018562863550849693742100537606968905904689005400177630175406669628056076139304779	0
-107.3598427017585923540185286392840143766679034984728676931903585124860647199980635124467885585614819231767470372007537049660885061413644402551719164483139805134063797542425240316858399981756305687594946646119474992360666374869234422189876428373413585457278369244898561275301433093076468915858490162070089907462393001638646432658300745313838287911856263721042357829277822514909867059342219707987448253100031719863910399599669120429305825088568940315745305677805341744071805765695814442219581359	0
-106.3591875496541310965899718101308209216060473961931422323378676956547137938197281747478559518695927764085302436999216571035748003649395136714275228467374052329542594636147500900990578449680520414157619190385260411056611527350281627749726383976776024028293097322591850925696804186064373124594904323914178429128828376335113932871176510289529874299731269524788011810831768637197720588964853292185576775240322246536453785188527214502029923562099281070625058641371541775371592744824028681153036754	0
-105.3585231374955204096004801259432238565670279136405387005890607511557430036906901565426526102660235410495599937220805990584436935171561134696256423273877604572186627517394396161613873794161534929773028510892252334952547998416582555937394467614415399294160974118403890364121441691176792636805263698025275555635818724691243457521093103912900876748293411558655158122848911588688674863905530232556586295564216722344715344050531864041276532808111526176372343663897922291066611648154262052694222566	0
-104.3578492199822707921904132154950203179185535252542620413623052768718133395619331147742060688735991407503239488530381691227904851652096359093853534376868217650182935725637577387962597547486914110622936094491735903794917845356463322738424493120710625604891011073120992709764272623387551903198327657134059041540404086843484297987542219698731286203859285790311663927993727873974334398958699707325416557905204415620943309849223975631560987603214816670622410813797708692692870054626069693240999699	0
-103.3571655555127479803703580077810989100523862382392860892160271675521482369913654885770644880436580001764347024469253849061124349188288843820918594378542723186973352463096444728238405754251057706273544944815614323993200441286731174698124202740263745000923373005449490880648140196299913835850456106033278009363754386738649125899344933018678303206692658287143439825047217034124908102559119087125759601007405536760579753529146085561538743768969245206617544372622508560887922867263644573145593495	0
-102.3564719305224260340196161923703169332283332731533538363255763738243619304830429427874785241148793435945159400721215179053374152096254677208353785113540595925385288117747596962696577384101646602817747488259580424141930628996206563205981801850340547102822087939905051536698151032577512862023768692318171855836172247771996971546550404394696198122423792537648529770172934862224207664310967884378645773945237007594626420174723353025290245058796781700517292209927552544883012390694968315764107352	0
-101.3557681107737222918786294708896301922205434747930640617641358897040090130634203591560208501387698541273295586155427517613589156899590044180846794908769700960163395650792134772355647796601433956179550440327295606257091949619791081184198429200825887858690237666384059039781481897536545068600845582160830130209596053801820721427357328523521406951690659861001244231779564399842226229762445121436646856325476932868331179589631559857069509206797556135044274140228126671466097740300074529540519331	0
-100.3550538190845819560563493861789056858933242304408527163745453853244466742551804099386657260310698667312884074697044686766480469128283424572653184910244660597323448858831090448939804438870447860572646712610981929070825778195077914623361147069181109955977194942531453131525293815139651662305620290728861311711873881897281141078512489204828102826413453938865832222749520604754764093012075706606585399414779031281447668832123625392284159426798781959224119016581419371069883570184908622138107507	0
-99.354328786736299532540527424372859507043567189062613794469119134632408025680466788239721127134770418285015019480091231974699202325546824304763124379475402962749725299392006737650846294130537397357258626329126699095891612545463039137444885934531173010946300121955109945262914290065334936677082268712338756496107219820065580638951035918625257068083726928150607024450948234002381312326243811356246805539693979264383715931106699639053277784562422668602376322442012647060635443481918375362174922	0
-98.3535927692127604878505423115514329986427365708248421239729954980930638053910689644596855453941122334630855946231780777291752206165412425250969488846903722886433694044167978565880284342713889277855281620502146400720714180858239772179287824063887702932822377937686005010665228909751263359815759523266202731267835800045874638610446807917703389528461148115480865455590237502138183989696915035459612669366031493026352465445627676248472907005918580861459888508780836466822385756006798067697297305	0
-97.3528454862320360754911574883276701309473802432201040670984696598617235775042152828325664487045297993045335376337909399877805270157264579290079911065174060243374431377384935463100922905787162733532993685186667863482405505365433885057124063172441712202461187765451508124495935273810253988974087559275118932118149528606642046122472790198358383612877662793436952817692291277753117145260584262266022777256941973911393303684981208425705603255367519054460454661159798195477091635697922817820582921	0
-96.3520866162900730337590190114717353096525246018535391141780036559257454222219212276319097252582046311098344897902199638841016787307478604560870292733253981953942577675814552204225463246142115737074940682355248049297906706237918443171010049352764030955127412014551256249991611677742490552891329366216224417202361323316695068697761684486155758803344650893962476419296593455182452329570262490759211297088123376711246984604102421223654280372121537878838154656936271938688008753683529814372036802	0
-95.3513158667829001312445624866783738835853516845006661907011772291373162202924814594069895476168921766110120940522769819731583047728647891125307277493525003286292778671020457464497755169370358534813331674676981460265307012370800381907707360380448317166510502708456734577119383566259407541243489224667030865823958200735680573757709116783240118633193627950211258157832733472854882799017406239821948395965843205571670161266970584035894892357094613017516775557631482817032689245890483487690856045	0
-94.3505329576130907166574679472579737397630896249809650724016306967420090845509950865352443979424278111109634771715955595061506093269890359370380922029020760263497508747458608839028359662261569832809516872833706359176009438031255950522605757163760574409447286171468128253893547813255036628094716105645914391502563088081253735676519560997382154496986450830561582145712063478144429114926079832703822138557627583893686241703420622836816564055330378151013747047822388574754710402549530320151772782	0
-93.3497375390111450355510606358061460320021661525124106927022405695666964648953168088410795529531902691079179871353366974386488339037021930737097138822025363863663802298198398995502188675865649549975062780381448945975874691775815222456864787630649271419576011828365499835900380223956929397149025794627933944772877648685466180193717736885176102708676580485505419735079989694899094658982932405370921686348508660070845647128788147447956144222523206605494823537500079706219071219093549680068030911	0
-92.3489292440159025332646135833649718618175650146224488151084935195448728667419731330910693111921165600258110838188118586806635971711009432527435521336639480566374705204009871304262515417768187193629178047408704671691130552671838810771890160776655794906133280857644772595541761687677076222923250534353540516508079969888956790310529469773437884801832657245507162329321884013593628360986073629004921141914678436913961126389712367535512273540745516149734607521712308151852604438967036870839023419	0
-91.3481077712658993629607397846417955341124584604286071186662881459986304574596966775426042749818874635549700799070258770536761323342458007935295034501340445589348474462798683001774349245827635826407941334059867474657480224612770790743107206512039397376261315828539978447814585156188955793887229692053065444427906367607498728842907576567023000357036656199549802572019755448627954740684268490835205394437829878157281834360634942341193210448944265943527091292530120066025620421571697932603787147	0
-90.3472727711380390892179471369259326680044031136785574762655536000004730497876111006271081062189753992058728428175427210894917768232770586627115041814423898304519388730667911964914194740939162079465535013460927131303686682315596071305658936152019114670896847216175798206488525120403064101512820177956236366908946799674676664637448098086078290838995076417979820971491823600347203824536103552289801773259728710392263710356325798934090834219222608120309169452422473775147906061656305907898607209	0
-89.3464237906971729241171330529939825626974081536778199810106290776011073330588609820572275773476968122528840168514876630017931808033071716181464435803552578337750284648288505071085161028979820229335428422828813862137854830906179014842557421055844750963101944428726412855674020057918415204426996607546232522930416437933283024002010140321474808150711582699464414715352153786680769247188201270209068547682865966352961587852951363979468751084914108112770365447652436663141685706105766170375860397	0
-88.3455604679479315813531460743646177913461413656001940555663426004262009025657206515488198899005403362869221354306640893925122375786859651418812573464262846978317143317542025413205117150188038137129147988125711309901425035892474072348335394057452630883211793924482734971345782732830813054477119353554148598191878417548929927016089622291841246198605972462654622924230763443937487704729594615996216893374701879879577410208711420190611426193676724768715721719377011154672324877827059847107684257	0
-87.3446824851925255254968184547913297303510202007762743907348502262468883322494845954772443314739935283504130102711352375457265871776094931931512922961916970674868736029884667034431199160127385612285259626121225425933844897596865330811119073245192974984220069388277653198372089686310214760415626143681415391240672726882063379993085150222255891772999225297665122544623121098664265456341065451680425634398997667967902454640477788101958843861121859586798824865429247969145650255499111300720977173	0
-86.3437893034964943172987472562701458457459618913611314194093323180873227994022064125914159204132658891062352705167364156968372454528683672815208930273828455450825773748836173863535815988772262665990225485421420708082012480893964530811022565606318211008027594341682199293801029281313395668220269144267706739236586723078583038494772302379183922143688223581154585398865820503962815796430278780618839494930460865137586342415693241539364640050847140237049555875540745317528376023650845267412443384	0
-85.3428804331661414486173499129937714980317930784535558325695300952203685509038583549843049744508668165428608090000638650663779774804645575419266769922044259478695834883277110737349046384154066579193505597328765353098378061781394592694797567875261720951036127197524551344603716512310846956184457702391814123399693458625414943060746031281766813806331002194175335674334073757995291447887288691901235751372056186615872336218957544058401240756586595532582865500859474858381240500004616554528834705	0
-84.3419556408624444372376630810634517889667679175509508928194129162642862501057979123884132396311797398989223824956165782076694540245306416565220183456667988105620154763955707548769744913394164936350490865890534315455014823741391959425748284233423122481638108777096955831980205449868875576290552269740488436765388963837083714056774217226734586080373528506458008698815662172203247785792127916973068785642672684293709342651763594024012359000179802648554711756420632155671625613090303242555967512	0
-83.3410143181533783366345272475258171649666934628944180206867257345413411677031803297379882403478535916989148114610532120698721312736694639745777096081097543537891091460923180776629749835598710494979139811462549622360844912109237245151216902580022749674912264508151938777551199373613015964077536499753603958937576185637731246874289793605157058951148686800122793096187163595878861648035234663397643449653188107566175381598240258637287792775500018378888546821854687202478350082076141990467602017	0
-82.3400557050432167578830046898034704750812835547327963207244899516255031017855402830840264989855309097488724152106091037070570483965880360704492408678395654841063132087249004642782207927781826347578285751056617157333719045169152939008272029329836883165488392785207235488357900719181397314759384676466000894712763378034726912688714621460750164951496248865975815409285103200539040591413547050842365479001749743285674350478951990305310055175975983985760191292683118541528084491476921546338398948	0
-81.3390797788395604832736482099224719538964150473309451829671693036442868426945333564868034519415502544007465339095517272650817755563758379936072926859725154630306607710230428696778942792624065665272985233621215945565898870919414092143404802213414205438498330273396977521737189581048462224818382316778844125150155594916379140227375009232512811124852650557678794637486249084193429030366669185687109411470229581507163174138713166142926440411925653029044758954583035545997487977118709075966046192	0
-80.338085922201309871599490038308316984783929376392940999032158227653983666678992036056670697408869684822520027251732627352033807689493243230225608028627076226264208022561043743550268563383697677019147489452040817796460547019448902601165850918901513938152263708773311436947379781867330324558671918079010834842165572359573759120860783877382855540711788848288998880428084382744127477346589170312291276665767806842086092295480080754691266351392917016551113768528860663839571827736260376348523993	0
-79.3370727250101877789591279516795467035959364336579437303463750337831711957861142716089247985834925708492837432100635209298797995731707969999320136901559128582892165693824857878292601931497470954232680449257883417779622996104667370490705727786864680001732473168955013379569018504005505423449323213132461114608132504522479588991808487484926180711739994333711016700118673483631715264452157249684782381342822247612006156687409241468494830342244171486376992651936221575725867288991546864204144246	0
-78.3360407645777871878051727775903117457856527952518976893865969787140867854170067697690578862808976793567337180458549776417214935697393251803651587801749001699915845624898457957985658025018355879391935305706943485483532154322803204602067403331755163747256524278601646624451839754723434679848256084789361483023186641710555154098485099438034930251524339089109304818911937584834925780705270739870994910230818901198351532717708683826238138288382913242924931094195493728762164969993264964776129154	0
-77.3349895867750213724284140771589698776340837010657248826210536490871998396132484025760257690812426801456180103939202115021115863445499966299572782722219878583359373043926964001651816548430277642190140182738399502292891874099258300056399845351860640557988910700279038747182498088869482555289081699118146644311899999113887666493862013670999081027949227542889493860367757776304582870367136616007797354644444881639598043602518233042626342912035462532322864603143524748328898439602817966644828528	0
-76.333915945349155154413183994090456963768319353443123249088529273983046091738797068262802274592923892351586310594599278337806936049770265366885894430570653624280650034679170938173941128938505374349820318974473768558556216676113021746251479955222309367917882905629566958958672667028078814028364450060389124640463819622037979717584945689195817506083557926478262952589900082149216852450914059775880854202801937301498595166424707781113219057528537107631148959873006838398891309788518695063432341	0
-75.3328224908303545205187426331073468496895910364563065507779244078231048145316526912579748250802650074487891022688401429266214865856059954711478799578866058892498463786127337883595841577604989053403524067619645580289140270260498740941217239701647706852780331355190529863956638920933033901130543176947745645164664307295719408087391954239501969242744334305015154744600089627367124974468848733680983349173717039580474376731675822989044352337137732209651543935204982718308752554625719517579761793	0
-74.331709179079919952195967371299145227933695677726013113555455771869855724578710078277708789836803828142204387812260330696831369308312817082293197850722542874442311006218749398227676493456620578534359163336389054264627757502285736772060057792217471655236658780046907961261409657459187032444022428300673262419807421739942199691757020667571037813451341798542663749377143753439463165813694577259764030183449299154256960524026470832985561768682893591001388018982884732705645484704861348821254454	0
-73.3305668710376598674993685396655747774356437651262253127446585822590001003972844764383989253559345817948516695855036293451649565286667961730565566390517216392983140475406749142483621701206502918951444456345506255367247719358484530127262840995629382877434171954817742379760792181543477939907745844379657210579369451132287260112523830300031191312759085291826431309482123659485085241068863309901763260951370572681662775722028214254314352966889845078240611817076320690577904815242646994815144136	0
-72.3294068808252063242296008541530144160786712643962582480846659741440440880616852051929702189325672757907239770145849081024393949067676734484677506169451178710943356571146698502400617512632003281481198801500086999676167488260786593703478326094255500862097710949890259726540618546662957140767566701028986389781349212067197266088623499451401945862929928807410978078914962558418598943390882842848960649690449968159718021332313990538080426988544866449716858658427747737928751703221201568024667441	0
-71.32822759705175764341080670254665671213459695802659182054400322433703426057705143316362901162815769230908152595040884781844520859810442489773433594626041121549953188094515570811102111168122813611481930686061614166202556927881840748852089644749020864114239748154501810074731921953091161722808485869618223477146657604092786129975928577397743913840425325542425513651392523805000304114777127782818077572861712941424072379730492200762494140900530946322775819577175599299276140549989077427634308516	0
-70.32700041946563761162344602550410326388660439516641613177146793833317056894303092093302835533760079694839378858367520805762707362156406907927741005643780735492912642531073610217928738389356285477207298319835469086182826040666941359270645293970659369831809590391273464325814578565985525653803213648559362774405708467977703531617828865322819551485899170731950940868485897311041687429514466029813512199478663144263602915822543136912720911369295793513073790298271707242889144032465929619149441807	0
-69.32577752795896575599502654409085044535618674817556449064435870010635088480136677582428811818259958507524053365235088315893417367887895718486614548491173459201761323036226618147032752083853025577693325176805584396537133282908160547247554287039223141798776470342327358226267842673066158750474187632830121050610112291962498595709574343481774652281472598102992824226983777389102622992815405161666395274272048303090675502514333420698313949380069350687045693620627646850356180224282748321468468564	0
-68.32452687043712105366300757325172099255283591112360403896384691111456756773051578513632031997782927361420311448024519739242210432112924957193201172789055336794416533122607277302361290432523737146497706924670318042590794489292684696809413078754832495857606143616705647201014286953746342935754360613101485827286957520777310920558318447504117708020395459566836901620621572713433531237569417838616116403396048739489328081077744775166311677911145231384496710185107011171541925673710050498171546594	0
-67.32317032890671619864058726457343702063310834010419855353085866506809008962655004883433882626379880266485321832865863797831375472597025274761078155402764188184600422158972941887386617363481961171858424740151932329623661795860804979583551103565551413154021077950931872354752944297408726759333747335408041160877081648582708949887834992905586068776346830764475552987939154232292641533166597723775888518982862153088809534913535789283102932399016196154357348611640901459449006090407722388246579509	0
-66.32195114132669809346931664197496704286168698857674536927713724190264667462077903772355512514957204442510216846418705180296831749349752616082699759255888474892976375738636086720238877266258706664189531844868921836177125052267398740158795340885550807836226640541674242843304588307192255635286213416778952626921698541156787088237200395289757441191144675898159282773360849028430014625546338914205244125553360446129111342254481355925356705939487409941347089119709221862279008923335444638178882915	0
-65.32055441189466114222590951828235169131212957047539809563990458274951028160344189106389746730068816715345490760001246554828344950053057048909061809823448947071777410599181488110626657364722334222493901654600474525896507406200902610950315524644117642141135343337529352773662316341198974905147707605850907886851757747232270508451996272088928186217308301562398608350559523660072765115978670557118736241731186917366624996223814097726569810370774544569074321264710278724751899430040567929443506831	0
-64.318985836751335488400738496047795487504522870179745526209959139712091632227015726000723432972204973645537155431173122318910666551592339337392203737975565909626687328340344695270283222028839959552239075587840674960029222891111546761301979824161722600062623650738156112228641963328094720136357322798954906909263883546632100996092829724592990551250850861732410963412586078712049341913884037984012168876346168410534297113826171841823020243595900560665080670202840315628095307506657520030291203	0
-63.31814962784052900689495336348954261518370440277021398227377149573299319383459254650690236729414736095189874308628976700095976417692128898839147078455842839227914579942934805402670515427121218271301276719242330832549547634909154237464587276745728706116150005147385932591863311100356004042224594643848673071124124729630223375837075465584599971686339725647743213759625533391341205647101235041549374691414797553141558789824145413375745141180251817182015663610408746761806781566337872118269308211	0
-62.31583461497149929202714228244796355471835740642993509998135668774861896073783891862914420048670244240711655699908367050211886803280506553624570018342324333649779465797711380158947528544269038544257568124345716428058721898783486655999577421344988545425324741020541790021945137401412993294262283315827722584277654591202684559535153635470274886550267347891073456671431147872101577074066330251291066088918094823884320506366214264690954006278781088694832942197286813630805398222814715276335004933	0
-61.31476839452931346243469718887746367939982211001628518964789568256568340978726803886936998682236653812651465007067568800221525165950545209443174087094927259037581259835575933912071677335966627613118022228313858024728263967892126030442765658290252745308654702535916759718963417081961991127864181888768922718029858104631033735643941759771019263286185135473470898634405288909664407127607181826414720492016221231353616012571962075606849940278473054091829403897739838743202909669760728733967566327	0
-60.31490921763871164242222294957324594722091552782362795101437399014484080353231144680095950129007710744410861699791495549546957888471443965896555100872857753519751898964987495573631525944030437260199286297109343613350501679056447215021698626107817475983517548131753850997222051424682175723710347568582804822682041271096258134336034278150199081337532008544530522425927809235230070499720604180786430543294183267506114904880085293351636432515412634000856289308310833749236322675154285719816573896	0
-59.30737472988639159667399008170377176373535555337967168402156075345930508796146621329177082624413948474727551354798145090048477169374978162779825259290757052669938025942992932231539030711214990010361751715728263228625821086837020827283267182970199622169261702771802334307398693708165265135699993322719287293693721921851178786013137224390400179867518588887370154723955473152898278669507266457736725301582171439229309129445897614187963611350885343924410523282843156392690159407490651002326234329	0
-58.31704544560718478973487679441787450589852515283462000968980162623414760492089484018281513453743515486279360671149591066565851340774287099014141449159426272631113611267811595784931567533854154046074412496876102188505832215775048501744860992601487393605990764691116843936406216861928181256750198466086086235025020984991721733380442813423711540711099813513683807266382576768134680206583827250810177740103410729965034830190513824039100645434098478133454981212724923875266152498553818336567618493	0
-57.30323891360248836416849643208172874722196173048016060148707993522263319704534264900154574006703116284746960062444391550808685760418250515116071075153557711572779530334871206671361017406750874140315524071207273393191661959213821492372995582848399347728143175932997510343345806484424915996328088293090644237867365159841352595657429829254927979723530530585121895969916998169091240155716466404976248100128128170885011433103628401940148959407871127811054814621932568543375606722224879464265700714	0
-56.2978373606245242784725060867201749044629032517915667306876947197160115319440234668695550330246558380792455991659401628554661772895831542676958102092223813413591457024174234725300733849383130803346174694842512104388747283057248077382588455116540311931547301061185539758862369446692553722058053050972379974761573256902628879924252860961252159879680042864241920495001705809898368129801463057192207526908895015360397387002019760475718937141685991685565487423952397696678834112994829473552316392	0
-55.34690798882310580352767611250082888166004696607708684811214850912502377324970007011979081021888911176203197197604914622828968710430798599527652429926917665574479855415372600874429284695853180357082255467703637525012401337752512933206963404776535655014397731140672057031370260796210345051694317408939387416899955218151986176505601994391383199016663984748333042085900662609358948693891095158224465711745489545905292531348121705918459501136370085981220981021503656603663218697883863530620662768	0
-54.14182965743048949079404349632703886609352818110762256342005551588720856178107185786092414482882808932590246384261555962403509627443578396803311715636720802345136611564412367189111526739532569518164459982629545168459309627957364297593838969670202886890620835469386924626094197451706958027717450260999069835256751559777634766848799217490113915417848757711086512155246940988630732079106143579454995515598782250721663877491455885424420663760881466133567058057046889714290851335224689961877886093	0
-53.53768142132565906173997621978375963929856628426545347147469810911262354773335896150330015315018049373950148579711798978567551645080224963095639744531850579483848684338442239992813858920696499248690791072406373065267017245023135000769134395471210774514453183225624185730317579926339484924399016935558297902335309912790370016041991955740766423974423338760191915856901647581420886118236990910218889300624763939962693293754962574020761558233233408380355510211163733300693369160596306651834889803	0
-50.49509443258382212089652202654123196938513977188349563334735292068064956375083274891568655319628820457951884413840188624219501104543467174958876331832204862036689056617460808795777537865302680507358434462687212610725676354718313440687477245701076142402737259140743140993676399069327824035573190942420023453518687997547922272761591521586057254599395487618941721756338673807794518964131798795357015178643859753719846827392185921065783776836047101182961843623442814500870830191972922687014222193	0
-42.20468848156182631267475174589305846769683574433571500540936972157905427965005081722577808126602748461715585014309278182449136943880750285883896812325183765461159923402395525682206631031949753542165639765488137611468054557828274651417455521730577752025125085549172202286900795958837461102114368025251648766447266249111678577696449792185518038939106377030464769332039712687335569116646329808893333764137593690824243001787491174637222743489275271248176509723266901641418898426688957500684527806	0
-42.0006725893767555721416844906279013558581584490525578199844447454060717649507150598002128275231597961153460207367347607143192123908149753526325411036444993171445314355213983470385445120886484246500326887613521770671594624239817215730227456527528825720156015364475082110095217613294818142625404719104697784575043924026639065858161151661278802965500055120853969360164944622552882367616179834956783986383603295843258031767769997023043315063515618910618730949020458183583425031141292356012001883	0
-41.39224844847708550060934439996945542116665285663503524311797728283349510657757054872577970175618624401913862323713253907069964675130568965024752353943012775144434863671788679825609835191852814945789450952906033818053988859468399101317013236041292602047293398997878778716795888385909122997138466333783777586599374707089622324869974850914920899388942993973971909860316338135853997324062438674880351845780574094691155432467510979459092849855012657775141130942029664370063629007073180783057104235	0
-33.65852723980519833741759847054186507581083435414827634840972586887283398267188028032005571048993717766386307787566365689972127078047343364467680868515048885190740217491629849564527492795102316982386203914378977232378467210344951901426224853552144293126918387218013601170856429415999538897738269087580337643592523735452327850917190415049097605044629159124048969079046398980777423642851041431221407322424157801133189224982383164593254466977278540970309517827986403258801200947490794413916052083	0
-33.46200034326381863735527776413251931024872263319365083577207763745359915801127895367981894781033400182504894644780691927422083880743092925246837987568381759713648972405381972007752825142408337612177491371248231954174385785706092964548059028139444975323727622842857504640993962279798043253090175663902151293313705254598146468529607589013106117946328989789651246637132229281744297152152949289429023006830302655751407470670014221600390554573870561329711076515624874210965980628463915835161864759	0
-32.88857918890304279830200932635358497173570292025364346712689854771313828472975226855132878982237824591546708020442409505166888201965661211238383227783760900345911796952943943292177295213890413860817548481816926147853197926216509148672170692727376511378408461409418299558149968328538171217079496369929389730920121389592492013434721374310191219652996397568535443762113762987044574471014117444537913042545633610604199134847028963313613837594125656005178780820814761913265663577116464327586156013	0
-25.65605806553097829955760458552046630593658496751479228752680578990817875630020824039185237591174774109823298070629121513169720465130865114616422467772381604837159031286466905092627546769280075851409843651412280343592769087078333689766406854606422072062735724425128278263743532385699623629254777374297708729376890342841914914183384675731552458502571882766420377129894181899419956863692058927932422677651821114038884753199583059938355949149899536175832198994626374826432706276689102323952078856	0
-21.76887602982883239812347675559731174915092676832205107799537177741575107234562932499360289598546550075903863673058781888962480946867249062069701041888465830236955911789592688942495464879025206255868766673677425979191315646948516767925745419371329222917032282620698621305314801489761019028243937496564080085400814868162751439174089049774922801137376932487158984925782302858282439318315276429996641244514515064068617360296659321034258905174993002130346639586075951340853469210100430508569421737	0
-18.95296942384300404432140256221498628029935851063861637906590501793045465785792170513021900555495163030016704413520839061123601833894743703404039589357495462693940096664779170532639869087000640583490245350782739533009950057363215624308797055488590240909337800552436743324494367727163445591049455841275616419297810077327113157973937564941043731358538349592536371011339449193905604366834083899241701230682763634893397806956615301842161001226529510326929219573041170745122500168725268014101533166	0
-16.84371256785815781977223948555363096423748871467663016890675483634310181712357344518719046652629541114172902115532987127598647454486886353795306578587278097253411257213826612772746537419833820505528594942993734444844855490586095525473389104121839323004630652586359329658070213188369118285800283063965259427723644906015213558662499902136488386662877457775595406810922862561042589110553845613261034899761150940969866025127515385553481157680746395049553018093029720155543273072305009319807882683	0
-15.01533371088349827546441732038411836545608710223324643669944533255844496514341225400330675477232449561238688962678854996744872074487911836484665834187070045435723323446676957156554979746508302552513305705759350848843450504435605047305982638765903822410025633098557314167618220519962064864527970504295700536964669344065352770529013581229270683611430066072008783878926187454698084841954238389257770019092355849143330462690853521276730641618894113290218640906136318963223134737810581522911442257	0
-13.59229531136601353067288866446701376663633147589844961600536056664621772067710343879265837441077566647735233887847571183682166893741485927563251601213824888381609097233258785596547904005902952283924594154198393632810922362787556642516878382387777651539546202200500735587021862961031603630215880372913397496172218265896789266322831683729546110735770872064201832789964511295937609022793856504378477322426159719726016823898023867836179840613195798340857293746378133802101750093228575323383874829	0
-12.19924413921357286710007898688817986681189080356871951249134579205011586784808235174827748253618798030300944799893730934522909683811820441975589726430126033319500383458527821652488421075442511432610598219754750149889444695249994975030367935656953282049939262306521808657709636697541204952855687846462214248490098354023858176615939384436153928407556661722999293518741779094041069964492763133335575366189158267011638560904923757614439742393928183492334830987044181700435873359084684262619468468	0
-11.01598392428392012945522179410076164946031877214662732181091992012632076433649358290026930039502840417607487386955270926057279882170233076976501735773178644057417990398411104345445011983536854374978244015443385700037152491079789144056231570588177501947161337912000649219258671365633920741478100575454157103094498145028577115642298908588354390900303784953461179262156621272835106431599182961516412100904632051882227785470511732431597607227296663537739741146935012639924741433070892310727995674	0
-9.98484285955182830086807031932801663876846860100179011574531648111282553228137014076648352419847372354369630024595667304516413823289789978542612994041308467715776532361513112908884405427852157686223683020479886322783427921579985035555388000428410438807657607152253953428074367739765476812105298714195156380746852914842122485388431741452257540717552163156020093750547580824957703675303145896829147828154893157817101223196582917461838905911402271267813674041592049521942903012368952602774833882	0
-9.06213076409302548582288156714659103939502025576032215786690603702426736006579662361300877770669713659666699569827777283331742996519016567413669440138753146781532268749384885694020274955503425841316010039494210903918162140081063269068646765746496903723892359708314739390097768894246535274533012393212649249828305803513378884838944177728771482524954488592000400938615415066901750803670248468458777365101623147794040568975020117791686003354502914102226909862132504039769740283260593204780580164	0
-8.44663437115127374136193154576050394398766316642951258594653350674954249253081149031285548753156263316883397489529938994226170977550810533679259450343780215181773243226114435434290884568713665155917593465496070756798290909463097299781240022166721219808703286638622116144674487834597285007199911211497755231163239476042465152291066164956883508632499181017767805469742751480975688887987733622753727468331719045805004752560695119885371425053737367029374016114092143824906746680680808421007702797	0
-8.04747022432760529482733904388199343625910579081804606837333969399716339944134884374740043061571957183657405175913887842426246721008802828613033048324810041617141962655587047058609592910062702236584026344830515984400097723398565795468885526283113261977781072629874357370861806038629694896637003723660713987409750438380733866784767728413879631948340052962062931667430492345389205582465487243606438184866518396385732781721838878328335923470547740074502641894239076238540043986729775144929825087	0
-7.99999999999999999999999999999999999999999999999999999999999999999999999999999999999999999999999999999999999999999999999999999999999999999999999999999999999999999999999999999999999999999999999999999999999999999999999999999999999999999999999999999999999999999999999999999999999999999999999999999999999999999999999999999999999999999999999999999999999999999999999999999999999999999999999999999999999999999999999999999999999999999999999999999999999999999999999999999999999999999929474125419759733	0
-7.84732554714476175758855546589031710222104303988951960058308462544891399988987134153075138991145451752212057355365738500247343886304755735207303082286693595360895362352092524799971757709275106436656309137203306132985764568863704266952404795013472907115981544982595640018453804459998729048290339396680838839131676958880436946316539690390031030136236047115330831023400721920110024664042955563755184062638777046064676523278885262149218098274419524118926582304894831791266268538085821100272363368	0
-7.38618344501173722115960488602578723165510317958613821393735704211267832758927196363954195497951941465141029037425639632854877156925990856037033864188615708685906305533350229213031511319623300878275795676605113155413534287285983157963884111054875225276198903910435440454274984132861656868570152634297772819946993490156768489540803357194480336753616855818827925295808953984518069147285667893384431590909869540389103349858619339271281813954649630496145279367755127387582956064789347561133482548	0
-6.771811088943835125746113015594340546263715958655890138146947718375919015421297346682042188572774221901916081426378011268646871441244766804225929533127665786274197055531691017487646776314651973567915573492770200159259135108715204522773030411305522989884817716535388666375062454278543693227870653940657630255144985512764545342563148615957933758005222218722004171978339085598017243919069893834647974682530921762277014332338227647429636611013843440626917128136292885813619572109621588588928741948	0
-6.160903574932923754067280916770029553019473590483290259633202142095219244663426288860669619832531668953788879812875339774384677138106730430877279170706235353569236328281821472575773940184338147273978807008800768569761578350120931755223180595627963220357192289486253581295453204952729757001846654129375071897415750225003188616535179858704506646562059853958899946084647311600684358824919910682335325143271505488001159884810372054421842876196469209133826700450639445139773667922372903913880658068	0
-5.590003011252435204679982233129444406065980515734488049058601388338810328864142579044427238233710062976360727513920390273686395943047690045863458667429533401929985784542084767320265853042674278617885400278388090199745102101481502164564715948894056555479658981729300663090444221228442380745971885673797400172152706262730278330681213579446926075084083075654988047661733077653565009735456663575653090599230052815024928585187682846051709158038119944302466318739026171023011857429598221596587593851	0
-5.079503709796293232167804699938867464227964558502085088809530589972827035845422492665163288317950635542147474735674483326451489087797945064570185898418530387516342274617435116285704538905086709948575294933811173149012768815851367145423840151676256226556986779653607757005952505545491384796259864192200590779064091180669976303808846336431258428801332877541741081555098611066074364641239969936773017143645359151529080970159204796298751043934336052711387838938779656212557386506470204550463728362	0
-4.602816972168549650132567310440765432776593710835574006924891646278610047013591226204286017072636913457896280517454279786558733248496232018050301051091967671115737067008782556780262865832105524227089052340216887126523058522060493283645107809652950962166857721888465963922616031850614280412881871878579779643463620730263946704452627238112434007444380162530877509235652296324778946462401235435117961263619916912581419183446011462736632279989170386034050727611572519356181146718234662128137252302	0
-4.169386949896262150867149931481277766964291136397058649737922132043778237902788032047741841974411988203678466579271537261076579841484278347246717658837436069535291713118470083732567831728445558367436391624178521068914214769358837290772201825508703623609951308802362993243427773353716907730702862748189641727968125703000643590148515675559431052115452175975910207617293537639986037501560675121333413609161127260144615100062597783578357837303596468080678372712907630761430496610894303577268077145	0
-3.771542691492122659160588016023628875920344450975651591008284388817017336478372867613397616815407304471796706581439120906828609568041544494304497038810939751663314223591262060728335651677419438860388555133056771763096561680879084659237634230632273775354200259868033989498865454204846517988789896691144223344233898290085266723594310846461911642478880347032196214317521892692716140493817719695563427235692159420929847663979039104503982603991369920303061219732133186390073216166963635903963302173	0
-3.405062135485058742008059662247738870823829320623619563808677653414096329204646058686646384558380293610854059425690974938724738521250114608639793687945197868163062412715787791695274302059084617263951510016482653173652197040372387488337170567990260243894084875044940355305282914430797060533388322132210080999580108027956297535179466829759280380974763280307517094357404107496014504855977055632548431121418013970047360263893271858126831558991136575147479547839429971860796482154578952875426049761	0
-3.070256152856923277155531216186850894807330149139707301883834366713517255024111036451110217991927893598579723350798918809262239065829051277140368006408233473345963844620993447547672621579896269555337250049866008406602046006929446250861949733951299250553279403355904465207037009881092959304452769341465675753120603365726128849078256454425241579245410416036599895592972815489442171121955477465995671901879686693926397690407491496907243432535171372553874005263667883437515044512472761041878203276	0
-2.762697703240448210295386454936915174261611916373192219768969410027073574048371865316982732149120770752088087690427785238126359349155384717142748303397750469606776055596592101191743263363182559289087579360241126790293570662350032523615552752435713054568658096135028953868709536040719044457615241800476250477890550156045312181183732183139647787222333628678450562524849211024519730690069254129631853582224857556956066336304294084366759472005241297233301074612354087052838719692420365069574082444	0
-2.480385034458256911191632277751776135716475761508635787994877626662050732210844444720570226385995349153989669272304519930937252153027469106700713819152475679992290907339684543061256959217417451640513465687600551505935039482980353673916324839166816007999057281113310893748465800413369364443795656316800251583077331545797423630568679324830658224141158471520239770859879155079188031152204670830953166527826770060394994970379160530989966871428567362092677159813369827737565816902820895450838779612	0
-2.221834854522583975888151520783132936726662098148574724971545260196274516048079325940169781588118131654392474074370343721372253273329974947640103188864649166254848519850553360102384713429229291213296135293905834476759962055730956449037216978127555714518257947671649976688860902553850061850494852715218218936484538578722107995112235690795150521100484605967839339114370510350250457315850371893850556532803475524259272296798039456038954995688798678864487887663191361336053560882817061732363785378	0
-1.985083056050408876815133609318397014466080560111508735387115217715247651687571397447173842199747298400127133848317476886005924455442732624703203087118307365707814784271622832154382137853025544537677434577527848557742164433746210130580481669508325771505750682513928830840254989701889377434312996904685569980032822825438511675471548862232602080865186003680233908304298417042319139600820570596186343810096959532030091070470406625910792028786262713922230959572628625287544703169338304526766197612	0
-1.768381583032021453763540995569451001682542728786667953560700865957000086159529964739387753752479035448501446170391945465079896357768895147931684862124984737108166187953801108777414420360719239144600361540195000545983476793699510563372997595700255511745571358423171435924831459381042709001251352060208427175701130193238653551674985054037989105646587849052837882497265935371375299696499722452962577213313267796980446090714445579433150244396734884534347306481613822333514248251705996738361053144	0
-1.570275982943672775759046672829146678989285214132648410499717726127239104296606082396512735854961665312169267735763568675804420558277973581226387478058923829469556584025819276753825364225825902276528643027115847667751586086473830387166917182095860580235551475361453817191945799686627778733461451120066319687409893699588884620162342701833837705178240734165221054313038006215532825389438249681220809968023697150643743716460781329443716212555662711244259029773493556247887865577329918661214372179	0
-1.389437079678816950618930256477534979388592935039555706100068295419113987352301252196288039150785348238104370337933041495729510644075031855051217868863912710208147342446755414651791502066330410348477379820581712031089344835038220630892188401075115932826882338137442231179356284473345419334943390098422035793042957858297957398027100373618955665453752191048050977664371996078853412889776935782289337627575983035009587234663892407530486924276679399208626438249889666815476946209449744051472122213	0
-1.224618227806527896472337069932606440479249068452451704191830059464613265327339010338674868910057251835223922233567000822913679732851483505501463390075138937551895737146114062416062056601108398682233097822739786585039443601573877070228581034803744401411254690951405264117614735316888731287295185917207728910296557156668237282573825716559796595021904875401817203854264531666478255427024793603102873813613970524396184025548970887434894175867083292023021477181163743546395534309209400664123576547	0
-1.074668805693100223524791290172295218421364029100316378527261194628695636042142722123955959298902730748420441508958951246655102388192888272750512613165290076842223475826753416694989615726262554365468624989470813189827200933209143686379876635454525158811953323000716756255223860328488816802959828095342503991135026666879064484218083237337353632608027083856331745115792166875195996148846286385766847609862324210585288020995170714682141575500870859215141946182657095021102440563758638562616979764	0
-0.938535635525223399852799887668122375237715065682094860547375442143707963819308680673918706376346960669658636805463309030753696230424160140038310521245873135424887731124896560356785015535902877060921599144906961816597134845211033345262959507379998468025375775924940892417020135090724658631055273058964471134662340085766045175443313056023649111081241950377096323509558741458034984573526615477423549548100820496987668597458711472461565222222352214270926811284233888424538515815704257758018442536	0
-0.815252976197096290066251913191679729640001056733034126091643394627193058373914116828433154440356923896941344162919093333619418109521701330787765181160354973541723536550704963930460334129113318550983932199927815812952364135101241632164140223197985024558810642827590220352411436225287654053722401084431077947211279808366740373650163210964017294306732612810549321159349466906983343174584931871507388109161061410301974173204586158001531745595206904249034803951802390254999768648076613469824323924	0
-0.7039317624251612213433917420445576724838738073655431000403946039226304923235399323611633498189688092764637437767325462081563485188702684242487580384672497739016919087026854852669435825148151297120178997500572821549832682655929052742797833527030880008427001688115151340051788475629497682335867912657487104296138479072841367357749038809407041083463627094282466030214891654720454514917014640248359469448873989797632069819757737816526646265649170732188127053293705029839479115859454293210003940771	0
-0.6037507252588259155643124623031232824729733024185757315539180213942624251279910010339485222580231910509253335523455528807227325229611320731139898512600021079889583196975901371170425600766332224874445480868093862836366663227190076623909299279115831697352902677504196685623814785324203208893422404234525232894788002570595625945390351851816615499508110233298082008615731269525751971311555533598566024374872838778725721488636374669323908261009788946493425022280539110381881696896048723861610174003	0
-0.5139485318796803191577898814785142968245562282935694656033444593461835383729614375006061107957492432655029694268875012318739463808909268101486491567632276661576282212814737824464868277889939901503813656270149688942762632973456913473084026811045207294909824376756075612067532468712725392227620836171978015609995406424094987952446616980731039643083137461490213285143221805189242997044716294458272605744675129313001783509169947360469809610929695619216889430254131227484986704095600478292816272687	0
-0.4338162327141143471406163834102910659751833160258082099728881974577459495927601657125672064675146343881981795902593525161806942826304825034447286484530225830418213647141333054008082097224895267189807690112675810294604634278862447487826158877148630637089387170361554002522210249428485870367555175682572382121634686534063959557384325452957327717807219258108295536908717813983128044098129718160790580123624668079765023956822366955833269344179654162434182039271745386941065287973225436209136969324	0
-0.3626899287048859977663459078763126275288689544765662173894837849920427383200693341495261693221419818664386248799742315265079537605556727159057616781829288798988404280024939130826831606660024552883554572853433498352379764234667434551148188543379798750251688136007735000040339239309320505556739932595776364078385013622429485383955104988479972323087370583834704709473234652815437128984219625604554183956734638171285743973104387838513291304863180198271593281690422939370216560868362817003453543857	0
-0.2999438267735712530728663201755366923594938270955350829937926761200238794095304567664008960415811340342248267297496371322126654333319549718991128704619161988296430283194214491872510823663264839993045218294796780094164545242469575832779499992699058102847073029475141246924733669784141737123347243572370746562792552223489618664318842654815724544596010316331756261765857876141294307798561201902050789645651313195633565709218809886292085907860458941270633823133078280999909390484957282098423884741	0
-0.2449838645338794129683160195072392602195423218926282865932158826335414927970201579418388213671675613016044029208536604341805348509309081964271516360321836142315434161530537759013400417655313841052652460202052624276355920603682466788915264022292079094407988248352315876242586071488535416937012958755965133938273554211025064935004696716475758523937227977917733822781162189111112512881652026533098171954514154751207697369951133515910949093266003790926167324966894892047055539677458494759283916242	0
-0.197242026121171135093920665311034164999682615977321556439835879911537647505176571894953849757737581722179135594889021501634845678465872042020974441582331095257636741343906530298492876420549734274593090082097149575465537366156675228913360693743444858564514681593755240712898336418788008012934252698419410932495530718149749587899663885909587548084192612999390684116373139869208745371097812767204487229916467017448847169576679689278269178449849036810261509780357333158327928747901810199721941133	0
-0.1561714057944530213163522541343867122196740493157998455453069017537103934932234789739968688442790385103167808655305022541823513221005720921018990066473526710745557043509358564037083864338098299938444262187377104402087427559620683573159183901573303333644074237590222882211646205712759834230673627813392584043619116449937234349449028722705707083947532704309103752321015223676756618231086368951513792846139281554395029569041565435751294255269102128676488431811811353571113791597723107883754533706	0
-0.1212420210598658520247779843948474680070799798350570908779580681793225807862426226769313414597191156938382958432937483734048396009668270223919665911060631081689634635353278443841868716263533246381018381053108931682016675121075487009942557213417421305673379024542015285852020438941710295376870473713637483352771942647019445126003094492596381316921850612436300622266398577622082090171438286994090804856656614705370632560282096437138421668959181470934834279852684350305704060783696093896486156743	0
-0.0919373360391609662748567927356595054023178610151482834861997685825068091702402418457494102396195838602468999875727595877110294651871603265677300384884508656432660072862106024359564943812319189536306830419265989959125133174375815044593386998920836515250291570861055197260822010682330874952785462266913702658788788362500890145139089386690612292169375173192903347597617713088814009994171874193996992327677761095215013218552304396587111917365270550967068259872415584162159687305992479712358385355	0
-0.06775142931318371972929498889443006785986506364518652325127248360000811057838620727015891570030967094677270178296269562369242008118855964194108060511205897652863501224336347940357256305609766065047125902872577368381129619254402758865250032196204145258388191910985584586426531724157989663344900877489491263858957630830052874553665996382883330114766188502297343321495712762647156184922981402092293154717754990883421769979360719468327427013419201213813966937186151583198872536972632163567820527016	0
-0.04818672765224200597629996321729465692670887006262070511829433089053429237236094567874015166332242657851456669521716934420173018822982076325307904049370819214397249479801652391020651731659130788118417121417891057081157115967148198057218700073126538389617146762235697115051688571890760738271791006723531523724613753082676945142001899829737290518586994328117714013390188832210523002140708173466392099592126767066822904372230011717401524949289901302214721706732169205107211916701434619400634333316	0
-0.03275222685518707393169443280223527594360490271095477847102963223119769030669442097040256932587680532082985797706708479140271722087264026614703981421357738034109408175745777212453734513136422969279811893588367061369262949949773060345106872972540643409845740531345733506330754002874450511160068577638975928186785876670342076792757693246097392074226344251284716934329563853510250387832871645914463065192046072964589049689090525235972914830671063497733295662857571314799733231063754099922814518771	0
-0.02096213558293359153826236559677260461356401687207763392273327231677628277982849797128618551628819567951436870309118248464741016012413726299652475929440350557026546123916788450978834710797045413280285154043463176131806307436450652073768275926639793054528187714755978513774409995887550934822114056931287724372458583935541222503487019762028548183317341274569277278984666364720098374528949485805313960620718547642883000532623856690314317108135196281068486169694764488310995309565825126465372777522	0
-0.01233492432407048630236650803758598667079093778888458423157213479255065788083871719653259056149767954864528585701792773045142347040132731736409978127056117533781252605821938402918324628287321461993185163317841279586018454772399417287753537003905405726211182905934776593981672146161851575432455261093531982063031740826358043535196704221170723104122602439810727965381520379270632733404990993212472575866513043140064820041063275204876653269128665140402502777223592955943263733072785712718926557369	0
-0.006392923066369654653720258075916417717010128272852638592113174523260720394547497979138583995032637222288661665371547504434548496192485729153909479962346647337322094407283477682095454614240126410805694990797107288400545426461052242909960546183998244585325845347259358789420911230977044205200520802956101870059411926405520920028761156027998066097183152931467721350812427423440005606821304321423446869621299423842628328469474578101571939504095087159411211738331709557336235755289096184203014584566	0
-0.002663348249640706864346586035157848184724303906250129521658422412550649392871158952211818957006742295554903640136692704240362096742405244749433371636240259506738296648753546880834427626881168872543701301298699434059477086904074173254687233533634002435381715444472497189923789165983912442750090468075906698825478308404942037333546314330018020730633952197236194780575636182139221306116060610255249087831207488125202454325622589712348281801087490989814268566035260552913205743070577943195911909096	0
-0.0006851645819734650887739599289092754094147713680966713551919256528423859818323624826988243609034020144547302804433425287924181140050507448880789411801057537484763879507973859628567921226010381806877461404781319822438098036464279109332159909742382639155051316832781116675306477698228200039034822599976949500859505744455504150515368916066920888681528967559216368938154417822906799977015989873885399574559540442106609609971555593272061132160686632147871730174742875513902792709434639635195982445798	0